low.K16 <- 0.00025
high.K16 <- 0.00091

rna.length <- 200
threepercent <- rna.length * 0.03


low.sub.num <- low.K16 * rna.length
high.sub.num <- high.K16 * rna.length
low.sub.num/threepercent
high.sub.num/threepercent
0.00025/0.03
0.00091/0.03
